-0.261597 0.913025 -0.0893511 -57.0
1.26171 0.83154 -0.0953411 -49.0
2.85323 0.797051 -0.106217 -46.0
-1.12012 0.728241 -0.113968 -47.0
-1.98138 0.773219 -0.216691 -46.0
-3.00047 1.28253 -0.211785 -43.0
-3.994 1.74084 -0.232807 -42.0
-4.80894 2.29896 -0.218319 -38.0
-5.34884 3.20203 -0.221854 -40.0
-5.93562 4.14313 -0.226131 -46.0
-6.48164 5.39348 -0.234869 -47.0
8.06019 14.2666 -0.257428 -70.0
8.96209 12.8965 -0.252312 -70.0
9.23059 11.4129 -0.23404 -67.0
9.19705 10.0216 -0.233772 -65.0
1.99129 0.798777 -0.229361 -51.0
0.753082 0.392349 -0.0184372 -51.0
-0.559686 0.363749 -0.0239769 -48.0
-1.90829 0.724317 -0.0122567 -39.0
-3.23795 1.55385 0.0108366 -41.0
-4.27714 2.34715 0.0207592 -40.0
-5.19626 3.60954 0.0319707 -44.0
-5.87623 4.85452 0.0202517 -46.0
-6.76641 5.97343 0.0277617 -48.0
-7.64681 7.17613 0.0126823 -49.0
-18.731 1.88927 -0.00762615 -80.0
-19.7242 1.18407 -0.0280398 -80.0
-20.8701 0.369816 -0.0294815 -82.0
-21.9685 -0.526705 0.0407068 -82.0
-23.0471 -1.39169 -0.0196621 -82.0
-24.1745 -2.40268 0.0526744 -82.0
-25.2542 -3.19345 -0.00477562 -85.0
-26.2496 -3.99943 0.0220377 -85.0
-27.3853 -4.74109 0.0143746 -85.0
-28.5155 -5.59639 0.0408176 -85.0
-29.8038 -5.94024 0.0811268 -85.0
-31.2082 -5.44715 0.100082 -85.0
-32.175 -4.57019 0.128446 -85.0
-33.6013 -4.15744 0.145517 -85.0
-22.3284 -14.703 0.15513 -85.0
-21.2352 -13.7142 0.187534 -85.0
-20.3359 -12.942 0.259059 -85.0
-15.1546 -8.63642 0.268863 -76.0
-13.9623 -7.75494 0.306179 -76.0
-12.7459 -6.79838 0.313119 -77.0
-11.4435 -5.80863 0.243967 -77.0
-10.2485 -4.68654 0.260674 -78.0
-8.93017 -3.71152 0.293864 -78.0
-7.77207 -2.7726 0.280589 -79.0
-6.14764 -2.11465 0.286259 -79.0
-4.41754 -2.49952 0.331474 -64.0
-3.19147 -3.60804 0.310371 -64.0
-2.40771 -5.00053 0.331564 -59.0
-2.08158 -6.77933 0.312074 -59.0
-1.83726 -8.45132 0.289021 -61.0
-1.78319 -10.1227 0.27291 -61.0
-0.980483 -11.0835 0.233965 -64.0
-0.89588 -9.59607 0.241554 -64.0
-1.20253 -8.06883 0.24832 -64.0
-1.60693 -6.67971 0.228512 -64.0
-1.89955 -5.15616 0.227782 -61.0
-2.44797 -3.60615 0.231104 -61.0
-2.58656 -1.99539 0.0563607 -63.0
-2.65379 -0.577449 0.0448572 -63.0
-2.54923 0.849292 0.0441699 -56.0
-0.941175 1.32987 0.050941 -44.0
1.75853 1.45174 0.0440004 -45.0
1.7613 1.37944 0.0486484 -45.0
